UNIT : -1969062784.000000
Amount : -1969062784.000000
